991 1119919

19199199 11919 ιί, 14, 9. 91,·,99 999941919919991999191)1,4, 7119919919.
9911191191 19911 1199919 911999 veloci· 1’9911411191’911119191919119111,4,19

1919999919 11, 9, 9 19999919 velocium Ventrem 99999 1911119919 simitu, 1,
9991994919 99991,4,19 9 991999 99111111 9999111, 9 9
119191(9911199191911119991999191)199191 119919999119119991191119, 1, 999919
9991119499911994999911, 9, 499191999- 999111199199 99 9119, 9, 1999119991-
49191111919919 91, 1, 719911. dut 19 (191199 19, 1, 491 819111919, 1, 9
1119919199 919,,1 9 11991199 99119 Ventorum 9919,4,1(1149 1191999
11991911911111, tm venti· 9119119 11119, 49, 9) 1119111119 191119191119,4, 4
9119191911 hospitibus 191919999199111,4, 1999199199 99919,1,4 99199999
19991999,419199999 911, 14, 19
101191199419119919 99919, 9, 9 venandi 1199991919 991919 9119119·· 11, 4, 4 991-
9194199 999911, 9, 7 11999· 1991) 1999111199 intentum 11, 4, 9
venatio-prat 9 99111, 1, 9 99991999999199911191 911, 4, 7
1199999911Μ991919949 919911, 9, 9 99111919 19999119 911991991919111999-
motionibus 9119199991 99919919 11 4 11 49 9111111911 919, 4, 9 999119 9919991991·
1911919919 lubitu 111999 9199991 911 41999919,9,191991111119991)11 11199919
cymmtetemnmi, t, 19 911, 11, 7 9994111 911111 1199119999 911, 11,
Venatus (pro 999911999) 911, 4, 9 9119999 9911191919 99, 1, 4
119199.911991991 91, 19 4
vendere 9911 991999 (9149 099999) verecundi· Demetrii 99911, 9, 49999·
9994919 9119919191991991 999199 9, 4, 9 999419 11119911 9111191119 919, 4, 91 99·
9994999 sepulturam 19191199199991 19, 19999419 4119119119 99911,1,991919111-
4, 9 41919 99911, 1, 9
1199411999 (1191194199, 91 99911919) 1999999419919994919 119, 4, 7
991, 4,7 999491999111999 91191919 91911199 Veturi 9499911199 91199199 991, 1, 7
9919 (1199991,19911919991,19919991911194 19 919 mvi, 9 4
11999111999999119991419919191)9,9,1ὃ 99911999119919 11999919999111
19191
9994199999 gioria 199 tantarum 99· ὃ’17191991961111199991119 99, 9, 4
tium 1991141999 911191 1111,1,19191191-99111119 1119 991119119ιί919 9999111,
199999999199191191111199 9911, 9,19 19 9111119119 99919 19 99 9991991191,
1199999911· 19 9999991999 9911119199 19, 19
911, 19, 9 99999991 19 1999941919 91919· 19911991919991194911199191914 mg·
99191 491999 99, 4, 9 999999191111191- 9919 pretio vi, 9, 4
ander 911, 14, 9 9999911199 Alexander Verum: tirannum· 9, 4,4
·11,919199119911,14,79999991199111 11911919(1199 9999911999)11, 9, tt
9991991 91911,,4 9 (1911999999 99, 1119111111. 9991999 4991191911οωί9 919-
9, 9 Ρ111191199199 19911, 1, 9 191991 11, 19, 4 9911199199119111919119
11991991199999999111, 9 4 199491991199919 11, 4, 4 1991919 tu!
νο99191191999191 9,9,9 11941- 91,,4119911919199111199119991111119119
919 919,,1 8199199, l ,9999411999 1991911991991919991 9111,4,1719914199
11111111411111· Vinii 1311111111 ,1 tt: 1ἳέῗὶ
1991199991,4,9119911941911191199911 1 1111111191 1199119111· 19 servitutum 99,
1199919119 9919999919111119901119194,14999191199991911119919 99, 4, 99
99111,9,49911991199119994199199119,9194
11999499199911199 1199199191 xx, 1, 8 91199119 99111199· 19 9991999999 9911, 9,
Venit: 4919991191 99919 91111914 19· 11 99911 19 aliquem 19914191999999919-
9919, 4199191117, 9999199991111191119911 191911 1119111 9911, .⁸¹ 8 vertere 1191 1191-
(1991911199911191199199 9991119191919) phot 9919, 4, 4 1999119 Ι1111199991 19, 4,
viiii. 11 999199991991 4999(14 99191919 ntiquom 91911, 9, 11 99111
9999119131111 ”²¹¹⁸ 19 {iim 11111111
1999919999111919 9119111119·11,19,1 99919, 9, 9 inm, 999119911999 911, 9,7
911, 9, 11· 19 potantum 91, 19, 419 99111191 imitatio 19 1119991991· 111, 9, 4
9991199991999 1114, 9 19 contentum ,999 in 1191999911, 9911· 19 19191999 99111
finitimorum xxxix, 4 4999919 (49 991 mi. 9, 9 991919191οωί99 991191 19

 

