11 1411111111. 14

ιιι,ι18ιιιιι.1111.ιι,414φ11ιι, 11,,17 “
’41111ὥ111ιρι411411’)1111,4,411411111-γᾶιιριιιιιιὴῑιῶιιιιιΜΜ
11411 m 114141444114411111 1111, Hymni 1111411111 1111111, 14.4
4, 4 11111111. 44111141 11111111 11111 1411· Hyemr(pro 1114114114· ιι ,4,4441111
4111(ριο,1114111111111111)1114411]114111111111111111111114,1ριιι]
vom. 4411111411141111114111111111, ιιιιιιιιὶιΙιιιιιΙιιιΙιΡιιι 1111, 4, 4
1, 84411111-’41111111 111, 1, epm 1114111411 Αὓιιιιιιιῖιιι legatur 14
1141111411111111, 4 4 4411114111 14, Pelope 11141111 1111414 ’
1, 4 11141111, mTh'ernliae 1111, 7, 4
1141441441 1111141 14 pennu 141, 4114114144111111414 1441 141 111,
⁸0⁴⁴ 4, 411 4111114111 inperii eJ'ur ilippo
11411111141111 11111414 1411111141 414111114441111111141111441417
pioemthq ι44411144111111141111111,4,1 11111114111111111111111111414
1111111144141411111111111Λ, 11
1111 jur 111114, 4 44141111 prgnur
affigam Ρῗιιθι144ι4111111114 4 1.
11111
11111111111141114,4,41411114111’1141111111411111411111-111111441111,μ
¹² 1.“· 1,....
1, “-1114,
111111 1, 4414111111 usurpantem 1111111-
414111ρ11411111,4,41111111,4, 11 tumr 111111, 4 4
111111111411111 4111111111· 4, 4, 41. 111, 4, ·.ῐιιιιι1·1ιι411114111111111 1111411441-
7ι111411111,4,4 1114111141111111 11111, 4, 441ω11111111η111, 4, 14
4141114114, 14, 4 44141111414111, 11411111411111111111111111114 ,4,14 -
41441414111111111111144111111 1141111114411111117141111
414 11111111 111111 1114111414 4, 4 1141111411 111141 41141111, 4,11
41 naevii, 4, 4 441411144111111, 4,4 ζώω (pro 114111414111)14,144
dmortiliter 44114111411111111 4, 11114 4111111411 41111111141111 111, 4, 4
111,1,4 11111114441114111411111111141411
..1111111111ιρ ...... . .
111441111411Ρ111111111111111411111 111, 4, 11411111 111111, 4, 4
17 44111114141111111111111141111,4, 11 11111111· 111 hostilem 11111111 11111 11,
1111414114441411114 1111, 4 7 4,14
1141411111411111111 111,14.4 11111111 11111 tuno (1141 111, 11 1114 11111111
(pro 1141111ιί1111) 1111, 4, 4 1111111111. 1111111411.111114111111)11114,4.111141,
···1.··..·.·1······.·;·ἶ·· effi& 11 fflfflfflffiffl
1441141111 manif„ 11111, 4, 14 1114(414 mplius). 11111111111111114
11141111114111114111111 rosnacum 11,4,4.11,14,14(ριορο114)1111 ipa
11111111141111111414 141 1114111,111111111111111111114,1111411111111
114411111111111 41411 11, 14, 14 11111 1414111111, Jrrn phisosophis 44411111 11,
1111111141ιὶ11 4111111111 11141111 rupi· 8,4 1141111111 pridem 111, 8, 4 111411-
4111 11111, 4, 8 11111441111111111141111111 111, 14, 4
Η11111111 11,4,14 11141111 1,44114111111““ ιι, 4, 4. .
1111111111 111141 1111111111 mil, 4, 14 Iubar 'mmanumnr ιιι Elium 111
Ηιιιιιι 44111411 111111, 4, 8 mirantium petit 11111, 4,1
Enniam 11111, 4, 4 (1114111ιί4111) 1114111441111111111,4,4
8ο4ι4·.4111111111111114411111111111111, 141141 1111411111 1141111 1111,1, 4
4,(4(11141111111)41ριορι11·11111111114 11141141ιί1, Ι,4111111111111111111114111.
141414414111111111111111114111111,1,17 1111411111, 4, 14
114111. 1111111111,4,14
Ημιιοιιιιιὶίιιιιὶίἱη444ιιιιιίι 1114111411,.1,141111,,414
patrimis iguem Ε1114111·11,1,14 141111 111411. Utin 11411111 ipris 114-
Hybem: 1111414111 por 11114111 11 rem ii, 4,14 114111.
1141111 41111111 111141,14,8 Identidem· ιι, 4, 4
Η14αι11111411111141114,,·4741 1414441141,4,414144111111,1,7

bem rumpam· 11, 14, 4 41411111 11]·11114111111111111111,1.14

 

 

